1 0.2875 0.09921875 0.28515625 0.053125 0.078125 0.04453125 0.0765625 0.04296875 0.08046875 0.09453125 0.2875 0.09921875
1 0.525 0.0421875 0.31015625 0.0375 0.31015625 0.1125 0.52265625 0.1203125 0.525 0.0421875
1 0.70703125 0.0703125 0.56953125 0.0703125 0.565625 0.1234375 0.703125 0.12265625 0.70703125 0.0703125
1 0.78671875 0.0328125 0.78515625 0.1078125 0.9984375 0.10546875 0.9984375 0.0265625 0.78671875 0.0328125
1 0.78857421875 0.15625 0.1474609375 0.0810546875
1 0.93115234375 0.1513671875 0.1376953125 0.0810546875
1 0.40185546875 0.169921875 0.21337890625 0.07568359375
1 0.16943359375 0.1513671875 0.24365234375 0.08056640625
1 0.6279296875 0.25927734375 0.1279296875 0.09375
1 0.6318359375 0.17236328125 0.13525390625 0.0791015625
1 0.77734375 0.2421875 0.15478515625 0.09375
1 0.9267578125 0.23779296875 0.14306640625 0.0927734375
1 0.77685546875 0.3115234375 0.13818359375 0.04541015625
1 0.61328125 0.33544921875 0.18115234375 0.05224609375
1 0.60302734375 0.38525390625 0.2216796875 0.06103515625
1 0.7919921875 0.38818359375 0.1416015625 0.08447265625
1 0.8310546875 0.46240234375 0.23681640625 0.0625
1 0.59326171875 0.455078125 0.20849609375 0.08349609375
1 0.82958984375 0.52783203125 0.2265625 0.0615234375
1 0.5927734375 0.5908203125 0.2255859375 0.09375
1 0.1611328125 0.57763671875 0.2373046875 0.08837890625
1 0.0875 0.6953125 0.25234375 0.703125 0.2578125 0.62265625 0.07890625 0.61640625 0.0875 0.6953125
1 0.3171875 0.61171875 0.31640625 0.6828125 0.47578125 0.69375 0.47578125 0.61640625 0.3171875 0.61171875
1 0.32265625 0.5515625 0.32109375 0.60703125 0.4703125 0.615625 0.47421875 0.56015625 0.32265625 0.5515625
1 0.2828125 0.47421875 0.27890625 0.546875 0.475 0.5609375 0.47734375 0.48203125 0.2828125 0.47421875
1 0.2796875 0.3296875 0.28125 0.40625 0.48984375 0.4171875 0.49375 0.334375 0.2796875 0.3296875
1 0.0625 0.30390625 0.05078125 0.371875 0.271875 0.3890625 0.2703125 0.3171875 0.0625 0.30390625
1 0.08203125 0.1890625 0.0546875 0.29296875 0.28515625 0.3171875 0.26875 0.203125 0.08203125 0.1890625
1 0.2890625 0.409375 0.2828125 0.4671875 0.47890625 0.48046875 0.48359375 0.4234375 0.2890625 0.409375
1 0.72265625 0.565625 0.72421875 0.62578125 0.9078125 0.62578125 0.9078125 0.56484375 0.72265625 0.565625
1 0.49140625 0.63828125 0.48671875 0.68046875 0.68203125 0.696875 0.68828125 0.653125 0.49140625 0.63828125
1 0.47421875 0.69140625 0.47734375 0.69375 0.4765625 0.69453125 0.484375 0.76328125 0.6890625 0.77265625 0.7 0.70546875 0.47421875 0.69140625
1 0.459375 0.77578125 0.471875 0.7015625 0.27109375 0.6875 0.271875 0.7578125 0.29296875 0.77734375 0.43984375 0.78828125 0.459375 0.77578125
1 0.72890625 0.75390625 0.73046875 0.796875 0.91171875 0.80234375 0.9140625 0.75546875 0.72890625 0.75390625
1 0.765625 0.80390625 0.765625 0.86640625 0.98828125 0.86484375 0.9875 0.81171875 0.765625 0.80390625
1 0.76953125 0.86953125 0.76015625 0.93125 0.9984375 0.93828125 0.9890625 0.86953125 0.76953125 0.86953125
1 0.4734375 0.97890625 0.69296875 0.99375 0.6921875 0.92109375 0.475 0.9078125 0.4734375 0.97890625
1 0.47265625 0.76640625 0.471875 0.82734375 0.70859375 0.84140625 0.70859375 0.77265625 0.47265625 0.76640625
1 0.4453125 0.971875 0.4671875 0.890625 0.20546875 0.87734375 0.2296875 0.96328125 0.25390625 0.971875 0.42890625 0.984375 0.4453125 0.971875
1 0.003125 0.86171875 0.01484375 0.94921875 0.1921875 0.965625 0.2046875 0.8765625 0.003125 0.86171875
1 0.05078125 0.78671875 0.04921875 0.78828125 0.04921875 0.7890625 0.05546875 0.859375 0.26171875 0.87890625 0.26875 0.803125 0.05078125 0.78671875
1 0.0546875 0.70625 0.0578125 0.78203125 0.2671875 0.79765625 0.27109375 0.72109375 0.0546875 0.70625