1 0.9734375 0.3046875 0.96875 0.1578125 0.6828125 0.1640625 0.68125 0.303125 0.6875 0.3109375 0.9359375 0.3109375 0.9734375 0.3046875
1 0.01875 0 0.01875 0.121875 0.03125 0.1296875 0.296875 0.125 0.296875 0 0.01875 0
1 0.9515625 0.8734375 0.9734375 0.8671875 0.9734375 0.725 0.96875 0.71875 0.6828125 0.71875 0.6828125 0.8359375 0.6890625 0.86875 0.71875 0.8734375 0.9515625 0.8734375
1 0.6125 0.496875 0.6296875 0.4921875 0.6265625 0.3484375 0.3546875 0.3484375 0.35 0.3546875 0.35 0.4890625 0.35625 0.496875 0.6125 0.496875
1 0.6796875 0 0.6796875 0.11875 0.6875 0.125 0.9578125 0.1234375 0.9671875 0.109375 0.9671875 0 0.6796875 0
1 0.8125 0.6859375 0.95 0.6859375 0.96875 0.6828125 0.975 0.6765625 0.9734375 0.5375 0.9671875 0.53125 0.6828125 0.534375 0.68125 0.6625 0.6875 0.6796875 0.784375 0.68125 0.8125 0.6859375
1 0.296875 0.30625 0.2984375 0.2046875 0.29375 0.190625 0.296875 0.171875 0.290625 0.1640625 0.025 0.1671875 0.0203125 0.171875 0.0203125 0.3046875 0.028125 0.309375 0.296875 0.30625
1 0.634375 0.53125 0.35625 0.534375 0.3546875 0.675 0.359375 0.6796875 0.634375 0.6796875 0.634375 0.53125
1 0.0765625 0.8640625 0.2125 0.86875 0.2765625 0.8640625 0.2859375 0.8671875 0.3 0.8625 0.3015625 0.71875 0.296875 0.7140625 0.05 0.7140625 0.0234375 0.71875 0.0203125 0.84375 0.025 0.8609375 0.0515625 0.8671875 0.0765625 0.8640625
1 0.3484375 0 0.3453125 0.0796875 0.3484375 0.1203125 0.353125 0.1234375 0.5796875 0.125 0.625 0.1203125 0.625 0 0.5921875 0 0.5828125 0.00625 0.5515625 0.0046875 0.546875 0 0.3484375 0
1 0.3 0.6765625 0.2984375 0.53125 0.025 0.53125 0.0203125 0.5359375 0.01875 0.6734375 0.0234375 0.6796875 0.1734375 0.68125 0.3 0.6765625
1 0.6296875 0.7171875 0.5375 0.7140625 0.4921875 0.71875 0.3546875 0.7203125 0.3546875 0.8671875 0.634375 0.8671875 0.6359375 0.7921875 0.6296875 0.7171875
1 0.63125 0.30625 0.6296875 0.1609375 0.609375 0.1578125 0.35 0.1640625 0.3484375 0.2890625 0.35 0.30625 0.35625 0.3125 0.63125 0.30625
1 0.2296875 0.496875 0.2984375 0.4921875 0.296875 0.3484375 0.1359375 0.3484375 0.1234375 0.353125 0.1140625 0.3484375 0.0625 0.353125 0.025 0.35 0.0203125 0.3546875 0.0203125 0.4875 0.028125 0.496875 0.2296875 0.496875
1 0.9578125 0.496875 0.971875 0.4890625 0.96875 0.3484375 0.959375 0.34375 0.88125 0.34375 0.84375 0.3484375 0.7484375 0.3453125 0.6828125 0.3515625 0.68125 0.484375 0.6828125 0.4921875 0.690625 0.496875 0.9578125 0.496875